[   (
      5.73163,
      58.967418
    ),
    (
      5.731526,
      58.967544
    ),
    (
      5.731426,
      58.967598
    ),
    (
      5.731297,
      58.967637
    ),
    (
      5.73129,
      58.967645
    ),
    (
      5.731193,
      58.967672
    ),
    (
      5.731126,
      58.967654
    ),
    (
      5.731104,
      58.967629
    ),
    (
      5.731043,
      58.967569
    ),
    (
      5.730982,
      58.96739
    ),
    (
      5.730971,
      58.967221
    ),
    (
      5.731093,
      58.966858
    ),
    (
      5.731305,
      58.966471
    ),
    (
      5.731305,
      58.966471
    ),
    (
      5.731486,
      58.966135
    ),
    (
      5.731549,
      58.965946
    ),
    (
      5.731553,
      58.965755
    ),
    (
      5.731539,
      58.965684
    ),
    (
      5.731489,
      58.965633
    ),
    (
      5.731374,
      58.965588
    ),
    (
      5.729811,
      58.965224
    ),
    (
      5.729464,
      58.965185
    ),
    (
      5.72931,
      58.965178
    ),
    (
      5.729249,
      58.965188
    ),
    (
      5.729142,
      58.96518
    ),
    (
      5.72906,
      58.965143
    ),
    (
      5.72903,
      58.965083
    ),
    (
      5.728737,
      58.964933
    ),
    (
      5.728388,
      58.964555
    ),
    (
      5.728388,
      58.964555
    ),
    (
      5.728085,
      58.964238
    ),
    (
      5.727828,
      58.964073
    ),
    (
      5.727436,
      58.963906
    ),
    (
      5.725143,
      58.96309
    ),
    (
      5.724586,
      58.962924
    ),
    (
      5.722975,
      58.962638
    ),
    (
      5.722975,
      58.962638
    ),
    (
      5.717442,
      58.961734
    ),
    (
      5.716579,
      58.961618
    ),
    (
      5.715602,
      58.961537
    ),
    (
      5.714942,
      58.961449
    ),
    (
      5.714942,
      58.961449
    ),
    (
      5.711725,
      58.961044
    ),
    (
      5.711212,
      58.960948
    ),
    (
      5.711212,
      58.960948
    ),
    (
      5.708191,
      58.960153
    ),
    (
      5.70781,
      58.960037
    ),
    (
      5.707047,
      58.959737
    ),
    (
      5.706684,
      58.95956
    ),
    (
      5.706206,
      58.959268
    ),
    (
      5.706206,
      58.959268
    ),
    (
      5.70459,
      58.958282
    ),
    (
      5.70393,
      58.957937
    ),
    (
      5.703186,
      58.957586
    ),
    (
      5.702299,
      58.957261
    ),
    (
      5.701989,
      58.957186
    ),
    (
      5.701351,
      58.956989
    ),
    (
      5.700825,
      58.956841
    ),
    (
      5.700373,
      58.956748
    ),
    (
      5.700195,
      58.95675
    ),
    (
      5.700117,
      58.956728
    ),
    (
      5.700035,
      58.956669
    ),
    (
      5.699923,
      58.956607
    ),
    (
      5.698637,
      58.956222
    ),
    (
      5.698637,
      58.956222
    ),
    (
      5.698328,
      58.95612
    ),
    (
      5.696678,
      58.95542
    ),
    (
      5.696146,
      58.955225
    ),
    (
      5.694629,
      58.954755
    ),
    (
      5.693567,
      58.954517
    ),
    (
      5.692693,
      58.954387
    ),
    (
      5.691986,
      58.954317
    ),
    (
      5.691986,
      58.954317
    ),
    (
      5.691283,
      58.954247
    ),
    (
      5.689793,
      58.9542
    ),
    (
      5.689264,
      58.954207
    ),
    (
      5.686589,
      58.954165
    ),
    (
      5.685936,
      58.954114
    ),
    (
      5.685936,
      58.954114
    ),
    (
      5.684855,
      58.95395
    ),
    (
      5.68452,
      58.953882
    ),
    (
      5.683384,
      58.953593
    ),
    (
      5.683384,
      58.953593
    ),
    (
      5.682537,
      58.953397
    ),
    (
      5.682172,
      58.953368
    ),
    (
      5.682107,
      58.953386
    ),
    (
      5.682034,
      58.953393
    ),
    (
      5.681894,
      58.953371
    ),
    (
      5.68183,
      58.953335
    ),
    (
      5.681818,
      58.953321
    ),
    (
      5.681818,
      58.953321
    ),
    (
      5.681797,
      58.953265
    ),
    (
      5.681848,
      58.953198
    ),
    (
      5.6819,
      58.953174
    ),
    (
      5.682024,
      58.953153
    ),
    (
      5.68213,
      58.952993
    ),
    (
      5.682144,
      58.952917
    ),
    (
      5.682132,
      58.952904
    ),
    (
      5.682145,
      58.95285
    ),
    (
      5.682228,
      58.952825
    ),
    (
      5.682489,
      58.952408
    ),
    (
      5.682666,
      58.952187
    ),
    (
      5.682754,
      58.952122
    ),
    (
      5.682847,
      58.951977
    ),
    (
      5.682847,
      58.951977
    ),
    (
      5.683099,
      58.951583
    ),
    (
      5.683196,
      58.951215
    ),
    (
      5.68315,
      58.951074
    ),
    (
      5.682978,
      58.950755
    ),
    (
      5.682674,
      58.950514
    ),
    (
      5.682407,
      58.950374
    ),
    (
      5.681198,
      58.949814
    ),
    (
      5.680662,
      58.949525
    ),
    (
      5.68036,
      58.949174
    ),
    (
      5.680318,
      58.949076
    ),
    (
      5.680319,
      58.94897
    ),
    (
      5.680319,
      58.94897
    ),
    (
      5.68038,
      58.947683
    ),
    (
      5.68045,
      58.947299
    ),
    (
      5.680959,
      58.946419
    ),
    (
      5.680959,
      58.946419
    ),
    (
      5.681682,
      58.944949
    ),
    (
      5.681771,
      58.944488
    ),
    (
      5.681582,
      58.943953
    ),
    (
      5.681599,
      58.943668
    ),
    (
      5.681934,
      58.942985
    ),
    (
      5.681934,
      58.942985
    ),
    (
      5.682094,
      58.942748
    ),
    (
      5.682157,
      58.942555
    ),
    (
      5.682174,
      58.942351
    ),
    (
      5.682156,
      58.942238
    ),
    (
      5.682123,
      58.942201
    ),
    (
      5.682136,
      58.942158
    ),
    (
      5.682204,
      58.942124
    ),
    (
      5.682223,
      58.94204
    ),
    (
      5.682566,
      58.941439
    ),
    (
      5.682783,
      58.941001
    ),
    (
      5.682993,
      58.940699
    ),
    (
      5.683252,
      58.940476
    ),
    (
      5.683564,
      58.940249
    ),
    (
      5.684126,
      58.939982
    ),
    (
      5.684594,
      58.939815
    ),
    (
      5.685058,
      58.939699
    ),
    (
      5.68563,
      58.939607
    ),
    (
      5.686194,
      58.939545
    ),
    (
      5.687061,
      58.939493
    ),
    (
      5.687684,
      58.939502
    ),
    (
      5.687755,
      58.939516
    ),
    (
      5.687755,
      58.939516
    ),
    (
      5.688282,
      58.939626
    ),
    (
      5.689585,
      58.940106
    ),
    (
      5.690295,
      58.940345
    ),
    (
      5.690412,
      58.940371
    ),
    (
      5.69152,
      58.940478
    ),
    (
      5.692429,
      58.940518
    ),
    (
      5.692652,
      58.940494
    ),
    (
      5.692691,
      58.940472
    ),
    (
      5.692774,
      58.940183
    ),
    (
      5.692832,
      58.940068
    ),
    (
      5.692912,
      58.93963
    ),
    (
      5.692838,
      58.93944
    ),
    (
      5.692778,
      58.939367
    ),
    (
      5.692579,
      58.939271
    ),
    (
      5.692547,
      58.939239
    ),
    (
      5.692541,
      58.939166
    ),
    (
      5.692569,
      58.93913
    ),
    (
      5.692658,
      58.939088
    ),
    (
      5.692658,
      58.939088
    ),
    (
      5.692815,
      58.939068
    ),
    (
      5.692939,
      58.939095
    ),
    (
      5.692986,
      58.93912
    ),
    (
      5.696063,
      58.939142
    ),
    (
      5.696063,
      58.939142
    ),
    (
      5.696336,
      58.939137
    ),
    (
      5.696652,
      58.939069
    ),
    (
      5.69697,
      58.939281
    ),
    (
      5.697027,
      58.939288
    ),
    (
      5.699046,
      58.939096
    ),
    (
      5.700092,
      58.938926
    ),
    (
      5.700805,
      58.938773
    ),
    (
      5.701777,
      58.938532
    ),
    (
      5.702171,
      58.93837
    ),
    (
      5.702329,
      58.938267
    ),
    (
      5.702469,
      58.938133
    ),
    (
      5.702566,
      58.937991
    ),
    (
      5.702602,
      58.937877
    ),
    (
      5.702616,
      58.93749
    ),
    (
      5.702616,
      58.93749
    ),
    (
      5.702624,
      58.935997
    ),
    (
      5.702596,
      58.935907
    ),
    (
      5.702493,
      58.935809
    ),
    (
      5.702344,
      58.935727
    ),
    (
      5.701165,
      58.935124
    ),
    (
      5.701254,
      58.934967
    ),
    (
      5.702639,
      58.934254
    ),
    (
      5.702554,
      58.93421
    ),
    (
      5.702505,
      58.934145
    ),
    (
      5.702497,
      58.933806
    ),
    (
      5.70184,
      58.933805
    ),
    (
      5.70184,
      58.933805
    ),
    (
      5.700138,
      58.933803
    ),
    (
      5.699788,
      58.933825
    ),
    (
      5.699497,
      58.933867
    ),
    (
      5.699497,
      58.933867
    ),
    (
      5.698645,
      58.933986
    ),
    (
      5.698315,
      58.933968
    ),
    (
      5.697713,
      58.933876
    ),
    (
      5.697632,
      58.933814
    ),
    (
      5.697794,
      58.933535
    ),
    (
      5.697796,
      58.933531
    ),
    (
      5.697831,
      58.933444
    ),
    (
      5.697885,
      58.933083
    ),
    (
      5.697848,
      58.932954
    ),
    (
      5.697666,
      58.932609
    ),
    (
      5.697198,
      58.932058
    ),
    (
      5.696397,
      58.931332
    ),
    (
      5.696095,
      58.931111
    ),
    (
      5.694787,
      58.930257
    ),
    (
      5.693455,
      58.929574
    ),
    (
      5.693185,
      58.929444
    ),
    (
      5.693067,
      58.929427
    ),
    (
      5.692979,
      58.929379
    ),
    (
      5.692956,
      58.929346
    ),
    (
      5.692949,
      58.929305
    ),
    (
      5.692988,
      58.929253
    ),
    (
      5.693147,
      58.929198
    ),
    (
      5.693326,
      58.929218
    ),
    (
      5.694187,
      58.928960000000004
    ),
    (
      5.694187,
      58.928960000000004
    ),
    (
      5.694744,
      58.928801
    ),
    (
      5.696409,
      58.928366
    ),
    (
      5.696997,
      58.928162
    ),
    (
      5.697396,
      58.927956
    ),
    (
      5.697431,
      58.927921
    ),
    (
      5.697414,
      58.927885
    ),
    (
      5.697442,
      58.92785
    ),
    (
      5.697504,
      58.92783
    ),
    (
      5.697576,
      58.927833
    ),
    (
      5.697896,
      58.927573
    ),
    (
      5.69802,
      58.927422
    ),
    (
      5.698161,
      58.927177
    ),
    (
      5.698227,
      58.927012
    ),
    (
      5.698436,
      58.926131
    ),
    (
      5.698674,
      58.925607
    ),
    (
      5.698837,
      58.925367
    ),
    (
      5.699034,
      58.92514
    ),
    (
      5.699425,
      58.924773
    ),
    (
      5.699951,
      58.924398
    ),
    (
      5.700445,
      58.924121
    ),
    (
      5.701118,
      58.923824
    ),
    (
      5.702867,
      58.923153
    ),
    (
      5.703197,
      58.923051
    ),
    (
      5.703763,
      58.922915
    ),
    (
      5.703763,
      58.922915
    ),
    (
      5.704532,
      58.92275
    ),
    (
      5.704913,
      58.922521
    ),
    (
      5.705064,
      58.922379
    ),
    (
      5.705063,
      58.922354
    ),
    (
      5.705152,
      58.922312
    ),
    (
      5.705254,
      58.922334
    ),
    (
      5.705799,
      58.922427
    ),
    (
      5.706491,
      58.922429
    ),
    (
      5.706736,
      58.922401
    ),
    (
      5.706981,
      58.922353
    ),
    (
      5.707136,
      58.922304
    ),
    (
      5.707303,
      58.92222
    ),
    (
      5.707483,
      58.922152
    ),
    (
      5.707578,
      58.922133
    ),
    (
      5.707748,
      58.922102
    ),
    (
      5.708005,
      58.921984
    ),
    (
      5.708732,
      58.921505
    ),
    (
      5.709171,
      58.921267
    ),
    (
      5.709678,
      58.920922
    ),
    (
      5.71123,
      58.920067
    ),
    (
      5.71236,
      58.919558
    ),
    (
      5.714307,
      58.918714
    ),
    (
      5.716182,
      58.917846
    ),
    (
      5.71711,
      58.917459
    ),
    (
      5.719767,
      58.916333
    ),
    (
      5.720829,
      58.915859
    ),
    (
      5.722341,
      58.91503
    ),
    (
      5.723325,
      58.914418
    ),
    (
      5.723371,
      58.914294
    ),
    (
      5.72372,
      58.914034
    ),
    (
      5.723802,
      58.913939
    ),
    (
      5.723832,
      58.913831
    ),
    (
      5.723787,
      58.913642
    ),
    (
      5.723629,
      58.913394
    ),
    (
      5.723593,
      58.913295
    ),
    (
      5.723595,
      58.913204
    ),
    (
      5.723749,
      58.912949
    ),
    (
      5.723917,
      58.912847
    ),
    (
      5.724067,
      58.912783
    ),
    (
      5.724232,
      58.912737
    ),
    (
      5.724412,
      58.912711
    ),
    (
      5.724596,
      58.912704
    ),
    (
      5.724757,
      58.912718
    ),
    (
      5.7254,
      58.912717
    ),
    (
      5.726433,
      58.911774
    ),
    (
      5.726655,
      58.91168
    ),
    (
      5.726652,
      58.911644
    ),
    (
      5.726686,
      58.91162
    ),
    (
      5.726828,
      58.91161
    ),
    (
      5.726886,
      58.911522
    ),
    (
      5.727019,
      58.911402
    ),
    (
      5.727054,
      58.910942
    ),
    (
      5.727054,
      58.910942
    ),
    (
      5.727087,
      58.910612
    ),
    (
      5.728844,
      58.908301
    ),
    (
      5.728844,
      58.908301
    ),
    (
      5.72907,
      58.908066
    ),
    (
      5.729319,
      58.907867
    ),
    (
      5.729696,
      58.907651
    ),
    (
      5.729863,
      58.907576
    ),
    (
      5.730907,
      58.907266
    ),
    (
      5.73245,
      58.906749
    ),
    (
      5.733922,
      58.906164
    ),
    (
      5.736678,
      58.905011
    ),
    (
      5.736683,
      58.905008
    ),
    (
      5.737398,
      58.904648
    ),
    (
      5.737976,
      58.904294
    ),
    (
      5.738418,
      58.903886
    ),
    (
      5.738676,
      58.903563
    ),
    (
      5.73877,
      58.903406
    ),
    (
      5.738949,
      58.902892
    ),
    (
      5.739106,
      58.902043
    ),
    (
      5.739997,
      58.898183
    ),
    (
      5.739997,
      58.898183
    ),
    (
      5.740069,
      58.897872
    ),
    (
      5.740108,
      58.897436
    ),
    (
      5.740036,
      58.897091
    ),
    (
      5.739971,
      58.896941
    ),
    (
      5.738761,
      58.895242
    ),
    (
      5.738639,
      58.895101
    ),
    (
      5.738639,
      58.895101
    ),
    (
      5.738193,
      58.894644
    ),
    (
      5.738779,
      58.893912
    ),
    (
      5.738779,
      58.893912
    ),
    (
      5.740804,
      58.891317
    ),
    (
      5.740785,
      58.891145
    ),
    (
      5.740712,
      58.891032
    ),
    (
      5.74066,
      58.891
    ),
    (
      5.740641,
      58.890974
    ),
    (
      5.74068,
      58.890895
    ),
    (
      5.740782,
      58.890863
    ),
    (
      5.740848,
      58.890862
    ),
    (
      5.741114,
      58.890793
    ),
    (
      5.741277,
      58.890727
    ),
    (
      5.741554,
      58.890326
    ),
    (
      5.741624,
      58.889973
    ),
    (
      5.741587,
      58.889913
    ),
    (
      5.741613,
      58.889863
    ),
    (
      5.741705,
      58.889819
    ),
    (
      5.741778,
      58.889811
    ),
    (
      5.741985,
      58.889554
    ),
    (
      5.74207,
      58.889409
    ),
    (
      5.74207,
      58.889409
    ),
    (
      5.742252,
      58.889083
    ),
    (
      5.742385,
      58.888758
    ),
    (
      5.742508,
      58.88836
    ),
    (
      5.742636,
      58.887563
    ),
    (
      5.742658,
      58.886901
    ),
    (
      5.742658,
      58.886901
    ),
    (
      5.742687,
      58.885175
    ),
    (
      5.742739,
      58.885005
    ),
    (
      5.742783,
      58.884639
    ),
    (
      5.742718,
      58.884472
    ),
    (
      5.742634,
      58.884352
    ),
    (
      5.74264,
      58.884309
    ),
    (
      5.742693,
      58.884267
    ),
    (
      5.742858,
      58.883967
    ),
    (
      5.742995,
      58.883029
    ),
    (
      5.74304,
      58.882893
    ),
    (
      5.74304,
      58.882893
    ),
    (
      5.743153,
      58.882465
    ),
    (
      5.743198,
      58.88155
    ),
    (
      5.7432,
      58.881013
    ),
    (
      5.743123,
      58.880549
    ),
    (
      5.743002,
      58.880202
    ),
    (
      5.742386,
      58.878947
    ),
    (
      5.742386,
      58.878947
    ),
    (
      5.741947,
      58.878089
    ),
    (
      5.741187,
      58.876337
    ),
    (
      5.741011,
      58.876
    ),
    (
      5.740788,
      58.875336
    ),
    (
      5.740788,
      58.875336
    ),
    (
      5.740007,
      58.87341
    ),
    (
      5.740007,
      58.87341
    ),
    (
      5.739834,
      58.872959
    ),
    (
      5.739824,
      58.872807
    ),
    (
      5.739861,
      58.87267
    ),
    (
      5.73996,
      58.872506
    ),
    (
      5.740488,
      58.87197
    ),
    (
      5.740522,
      58.87186
    ),
    (
      5.740495,
      58.871701
    ),
    (
      5.740453,
      58.87164
    ),
    (
      5.740212,
      58.871484
    ),
    (
      5.739976,
      58.871401
    ),
    (
      5.739848,
      58.871393
    ),
    (
      5.739713,
      58.871345
    ),
    (
      5.739661,
      58.871295
    ),
    (
      5.739647,
      58.871239
    ),
    (
      5.739702,
      58.871159
    ),
    (
      5.73967,
      58.871097
    ),
    (
      5.739705,
      58.87097
    ),
    (
      5.739792,
      58.870874
    ),
    (
      5.740105,
      58.870616
    ),
    (
      5.740176,
      58.870516
    ),
    (
      5.740327,
      58.87041
    ),
    (
      5.741017,
      58.869791
    ),
    (
      5.741834,
      58.86918
    ),
    (
      5.742138,
      58.868975
    ),
    (
      5.742138,
      58.868975
    ),
    (
      5.742324,
      58.868803
    ),
    (
      5.742431,
      58.868647
    ),
    (
      5.74248,
      58.868481
    ),
    (
      5.742551,
      58.867953
    ),
    (
      5.742727,
      58.865391
    ),
    (
      5.742727,
      58.865391
    ),
    (
      5.742871,
      58.86373
    ),
    (
      5.743032,
      58.863124
    ),
    (
      5.743032,
      58.863124
    ),
    (
      5.743091,
      58.86284
    ),
    (
      5.74358,
      58.862199
    ),
    (
      5.743784,
      58.861862
    ),
    (
      5.743892,
      58.86141
    ),
    (
      5.74392,
      58.86082
    ),
    (
      5.74392,
      58.86082
    ),
    (
      5.743918,
      58.860266
    ),
    (
      5.74361,
      58.859525
    ),
    (
      5.743483,
      58.859282
    ),
    (
      5.743269,
      58.858967
    ),
    (
      5.743269,
      58.858967
    ),
    (
      5.742656,
      58.858053
    ),
    (
      5.742393,
      58.857608
    ),
    (
      5.742281,
      58.857501
    ),
    (
      5.741945,
      58.857281
    ),
    (
      5.741714,
      58.857167
    ),
    (
      5.74161,
      58.857064
    ),
    (
      5.741583,
      58.856981
    ),
    (
      5.741605,
      58.856901
    ),
    (
      5.741587,
      58.856791
    ),
    (
      5.740886,
      58.856361
    ),
    (
      5.740347,
      58.856082
    ),
    (
      5.740347,
      58.856082
    ),
    (
      5.739671,
      58.855634
    ),
    (
      5.738917,
      58.854904
    ),
    (
      5.738946,
      58.854835
    ),
    (
      5.739064,
      58.854735
    ),
    (
      5.739279,
      58.854633
    ),
    (
      5.739317,
      58.854569
    ),
    (
      5.738492,
      58.853902
    ),
    (
      5.738492,
      58.853902
    ),
    (
      5.736891,
      58.852786
    ),
    (
      5.735909,
      58.852146
    ),
    (
      5.735271,
      58.851509
    ),
    (
      5.73617,
      58.851245
    )
]